[ 0.05445147  1.10707699 48.23715672]
[ 0.05349669  1.15198859 43.74030361]
[ 0.05421547  1.11509785 46.9619493 ]
[ 0.05356871  1.1519733  43.88735046]
[ 0.05505595  1.07074795 40.99024241]
[ 0.05330873  1.16285048 50.63885412]
[ 0.05343625  1.15537896 49.88028968]
[ 0.05535039  1.07125518 38.38492084]
[ 0.05353775  1.16866194 42.75283599]
[ 0.05315262  1.17102376 50.21385226]
[ 0.05348721  1.17081295 42.93036968]
[ 0.05435541  1.1160663  43.82713498]
[ 0.05533654  1.06585405 43.90040252]
[ 0.05317168  1.17025324 50.2458495 ]
[ 0.05418545  1.12207963 51.04147838]
[ 0.05566446  1.07220564 34.03243183]
[ 0.05437212  1.10986404 45.28357979]
[ 0.0535693   1.15192045 43.89938818]
[ 0.05507435  1.09062854 37.26890276]
[ 0.05535769  1.07153835 36.2509218 ]
[ 0.05344163  1.17100829 42.81678943]
[ 0.05457287  1.09388966 47.60913752]
[ 0.05529306  1.06995294 42.78788295]
[ 0.05564878  1.06511998 43.27583393]
[ 0.05581254  1.06714364 41.71239634]
[ 0.05527247  1.11033252 36.88437982]
[ 0.05571628  1.06848422 41.01725759]
[ 0.05312424  1.16844489 50.71496769]
[ 0.05585248  1.07123757 34.92073596]
[ 0.05634459  1.06717688 37.33356821]
[ 0.05440181  1.12239917 41.77133955]
[ 0.05346245  1.17100442 42.84094125]
[ 0.05440632  1.10949009 45.85878633]
[ 0.05518605  1.11033604 36.76662707]
[ 0.05467752  1.09478986 45.58748692]
[ 0.05469088  1.0833816  44.49423087]
[ 0.05449146  1.09946207 46.69963949]
[ 0.05631156  1.06717688 37.57446362]
[ 0.05439529  1.10276195 48.5818613 ]
[ 0.05407297  1.1228562  39.97610533]
[ 0.05401743  1.13461889 48.60677057]
[ 0.05372022  1.16368734 42.53144035]
[ 0.05530474  1.07207724 40.3963115 ]
[ 0.05321883  1.16929581 50.18725466]
[ 0.05543943  1.06618381 42.86087128]
[ 0.05509449  1.09452114 37.19967435]
[ 0.05414941  1.12233948 42.82813688]
[ 0.05445504  1.11400191 44.43581599]
[ 0.05325927  1.16542522 50.55558222]
[ 0.05499789  1.0715191  40.89175899]
[ 0.05644261  1.06673276 37.89623019]
[ 0.05450864  1.09906031 45.24995895]
[ 0.0545799   1.11419696 39.46250218]
[ 0.05582404  1.0670338  39.75045016]
[ 0.05320118  1.17808955 43.43016076]
[ 0.05403018  1.1342308  48.5827532 ]
[ 0.05311247  1.16844489 50.72630024]
[ 0.05533901  1.07178188 36.22379634]
[ 0.05486556  1.09766067 37.23655918]
[ 0.05349137  1.16863427 43.8314741 ]
[ 0.05485277  1.08677116 40.89379258]
[ 0.05314326  1.17101612 50.21482455]
[ 0.05466518  1.09710556 46.7004925 ]
[ 0.05442007  1.10912739 47.17138542]
[ 0.05373085  1.13473998 43.67267678]
[ 0.0573354   1.06686562 37.57562764]
[ 0.05685185  1.06648062 37.97607466]
[ 0.05419526  1.12199434 49.80811949]
[ 0.05467821  1.0947898  45.58635664]
[ 0.0560453   1.06612298 42.39853392]
[ 0.05640026  1.06480017 39.7098391 ]
[ 0.0559883   1.06703539 39.61936691]
[ 0.0559049   1.06915144 34.79487119]
[ 0.05553273  1.07082464 36.08282735]
[ 0.05457287  1.09388966 47.60913752]
[ 0.0550994   1.06873136 43.61903287]
[ 0.05325947  1.1730249  43.30754037]
[ 0.05383102  1.13108607 49.21366331]
[ 0.05488301  1.08142736 40.33467123]
[ 0.05525342  1.07257783 38.99309521]
[ 0.05406073  1.14972807 43.57373245]
[ 0.05419668  1.16144866 39.72300225]
[ 0.0548629   1.0976693  37.23558048]
[ 0.05381538  1.15514906 42.10839337]
[ 0.0558093   1.06915144 35.70013953]
[ 0.05298786  1.17431596 50.74197426]
[ 0.05388693  1.1337808  48.76258388]
[ 0.05463149  1.11018261 39.58316352]
[ 0.05343055  1.17666754 43.26570736]
[ 0.05455681  1.12260342 39.78158704]
[ 0.05360549  1.16412901 42.45844719]
[ 0.05544834  1.06901003 36.19154895]
[ 0.05537286  1.07105009 38.54132738]
[ 0.05521208  1.08731536 37.97273164]
[ 0.05445947  1.1109305  45.18805153]
[ 0.05386362  1.16261092 39.58545675]
[ 0.05531429  1.07201338 36.58459224]
[ 0.05591395  1.07029254 34.65086243]
[ 0.05776537  1.06635963 38.64144047]
[ 0.05474984  1.09138314 37.35920345]
[ 0.05447087  1.09963273 41.27310781]
[ 0.05531042  1.08466877 37.92541047]
[ 0.05318735  1.16975219 50.21499069]
[ 0.0573653   1.06182628 41.02460283]
[ 0.05552739  1.07200028 35.96501274]
[ 0.05555444  1.0685886  35.87639913]
[ 0.05542195  1.07239299 34.78843024]
[ 0.05616703  1.06520987 42.48977263]
[ 0.05467821  1.0947898  45.58635664]
